50
- 1475 1753 356 94 1661 1784 1905 111 1128 1877 55 507 1843 246 589 1246 1714 967 767 121 1225 1669 775 831 312 1935 1081 563 1903 1083 1876 1869 1848 1233 600 450 82 1247 380 295 1374 373 130 937 697 760 539 94 1242
1379 - 506 113 444 90 1297 457 140 1507 532 884 1190 872 610 363 115 1592 653 1900 629 679 1073 653 46 1200 1119 1068 598 780 939 156 1411 1738 176 1798 1468 976 426 39 1439 1758 751 1939 1440 1137 659 1278 1181 1428
1788 990 - 1880 217 412 434 1838 1226 1030 1306 126 1932 425 643 1218 514 616 1404 469 1769 233 1724 1351 209 461 1468 540 1146 2000 382 1904 185 1323 1750 729 681 1846 127 515 465 262 540 530 821 1063 1666 31 1622 1689
615 1849 1507 - 673 291 1603 714 1447 1119 837 27 1901 1209 1519 281 907 1076 444 874 1205 203 175 147 451 1419 673 426 990 165 1243 1487 81 1268 614 1151 1295 1559 1688 784 1673 839 1032 918 1378 1146 1206 1162 134 1732
1511 1437 921 1474 - 1247 680 1978 1432 150 1926 1831 18 225 253 1265 641 1621 873 1157 677 10 1942 1757 976 444 715 1561 1769 325 1482 1308 531 285 989 282 1173 685 918 702 1186 281 1927 1001 120 747 1866 1484 51 229
973 1015 1524 238 1848 - 860 1533 1828 1368 373 1744 236 90 7 967 157 1917 1516 188 612 719 1477 1801 1422 968 1091 1821 1828 7 1691 1736 150 1071 319 141 1994 1027 290 1417 1046 20 1322 241 1204 1531 1564 449 923 274
1989 332 1763 604 1158 239 - 906 895 713 1867 1576 811 1371 1721 1479 275 1981 1851 17 1440 1058 958 1632 1014 643 1886 710 1100 799 1268 267 544 381 584 1193 1484 1549 1354 297 1285 852 1793 898 1700 168 438 605 108 1545
328 577 9 1768 1704 340 953 - 1701 498 1594 1719 466 10 1887 439 299 1050 507 809 1561 1559 1773 1552 174 1109 497 626 971 357 1464 1910 6 1750 40 1276 805 1645 456 1883 758 482 881 1422 23 1440 601 629 1921 1486
1024 94 1279 1957 233 1947 1267 856 - 434 817 1816 1582 1800 52 1174 1903 349 508 1553 80 1414 1168 1897 1663 640 113 1611 1442 1922 325 1700 1972 1539 1924 1393 50 359 98 709 1352 683 974 757 886 504 831 1082 834 1138
904 1709 1582 302 1359 979 1886 1821 1293 - 1703 943 1493 677 1319 314 1854 1164 1014 278 1876 826 1093 942 1514 956 150 845 1568 1327 2000 325 1439 1643 1963 366 961 1236 1440 128 344 1509 652 885 1923 1681 1492 1428 1420 1554
707 323 1013 113 33 778 115 1292 1588 1014 - 406 1761 1065 58 1509 794 1376 1659 1875 919 1534 422 1777 562 431 1294 392 1441 293 476 1171 79 1874 449 458 234 703 1682 420 1127 137 1657 1070 475 1805 1999 147 1851 525
1465 556 435 348 1778 401 1850 1566 1674 1373 616 - 872 1053 997 145 245 1704 821 615 1053 1928 987 985 996 441 1236 1081 1091 641 545 1145 935 766 1448 1857 1450 1890 697 158 1482 529 1887 572 888 1483 748 1457 509 576
1891 1758 404 283 643 1653 565 829 1589 96 1298 477 - 1867 1474 396 1072 1621 792 737 74 1586 1351 1180 1844 98 192 1171 389 708 1453 206 1903 944 1562 1992 1652 1686 1719 316 1509 1050 1213 552 603 944 658 447 1217 703
204 171 488 1787 1402 237 1851 302 147 349 1828 1469 1100 - 742 1485 1362 854 1027 495 264 1689 1563 1890 1204 993 17 420 373 1339 314 574 1102 1936 1415 294 1116 1746 1582 1835 1806 1935 882 771 1226 1011 174 1173 299 497
1996 986 1814 1819 284 1898 1596 1444 1971 1130 261 373 664 1081 - 182 1918 12 1237 1958 1252 1412 914 1977 338 1263 1872 1569 353 1288 899 87 20 626 355 513 748 1843 1825 320 1308 1681 68 886 922 1096 405 1725 1883 1126
341 978 1520 509 911 463 813 993 486 114 211 62 1488 1658 1901 - 1097 1457 1883 477 1682 1838 306 1044 1109 1987 722 926 720 1723 621 166 1879 1595 1080 1102 116 1744 498 852 1819 739 1159 1731 1667 624 322 334 1096 1231
552 500 44 427 878 1936 1187 1595 898 345 1202 1947 1424 209 772 878 - 981 910 640 631 1441 1048 205 295 831 828 811 1388 1803 332 794 204 1761 1666 52 88 1268 1175 899 1958 1102 385 1429 335 709 1692 94 1713 991
948 37 1663 1828 972 1506 1574 1731 1594 1432 144 1860 678 1025 34 1228 1998 - 427 381 888 1432 363 124 541 873 192 1671 1114 28 1419 586 347 1735 1139 1961 1643 668 1613 544 1233 1354 756 134 987 752 1825 1512 1757 1257
1455 1670 1770 1450 307 154 920 982 1762 1066 1658 1613 363 1520 1551 120 1016 42 - 1496 572 897 1188 1155 632 1994 1671 1325 48 616 1723 1052 1959 956 1426 126 677 754 1906 463 966 80 892 6 764 1951 351 159 149 1533
38 1206 324 537 1448 728 273 1448 1908 965 190 1822 397 1219 105 1990 1625 1037 1026 - 1744 572 1225 522 1903 905 26 1211 1632 1469 411 275 1392 43 1354 1257 47 592 1740 391 599 807 1994 1737 1749 796 390 1041 527 638
1622 634 1851 48 1741 1360 937 1666 63 785 1721 20 1366 1645 69 1904 39 1461 1198 911 - 45 1511 1135 1042 1084 346 1426 473 1824 1441 1567 1999 54 145 566 1557 607 278 875 1782 1221 1347 1401 1997 854 173 1564 1606 1165
258 407 301 1669 1241 676 1384 1723 486 733 1514 1490 774 1364 1624 434 934 67 355 358 281 - 1514 300 1456 189 1209 1900 273 349 1350 1920 1506 1024 1100 1420 1413 1496 7 1893 1177 1874 337 1136 1677 1000 347 481 276 1779
1066 1066 1533 557 762 64 628 678 1048 1285 385 539 648 1759 34 1343 328 133 278 745 1858 1142 - 1617 992 1485 986 1174 1381 676 428 1599 197 139 1520 1731 984 1195 522 307 990 435 1411 1062 182 1724 234 1623 1458 1937
1433 348 203 382 129 1633 1869 617 1371 1135 1210 11 366 26 206 1703 870 139 1946 1281 865 1660 1926 - 1049 1476 1805 1640 1684 563 1097 1584 1412 1449 874 442 1665 1808 275 1239 342 3 514 952 752 1009 1656 177 310 1423
195 622 1212 1164 1537 671 966 645 1323 932 12 457 1173 1333 569 283 1863 221 22 730 1758 1063 1754 1794 - 305 843 181 1282 1073 1852 1055 1321 661 343 1551 407 1486 1064 1340 1851 1160 1664 3 151 1941 1436 36 1162 96
869 1365 938 1456 1416 1203 383 310 1904 1030 1043 655 682 1502 187 1504 333 1428 1918 571 1478 1511 1141 850 1918 - 702 1539 515 1213 879 704 175 310 1361 1038 1737 760 550 831 1858 1986 973 1176 243 1249 468 868 128 232
686 708 977 53 549 391 1481 230 1464 935 1236 92 232 258 1430 501 1665 1616 281 1588 416 168 1284 1895 939 707 - 570 173 1250 1758 902 1216 1217 233 1806 2000 1507 969 96 1103 1894 35 407 1047 1259 1770 1208 1044 253
1934 1765 1405 445 1466 295 1413 1669 929 1510 1214 584 707 546 1081 533 1201 804 80 447 1762 33 1197 618 208 960 1515 - 820 266 1769 1829 1359 1330 1817 641 1027 955 383 1593 538 43 717 1565 19 1202 1464 1153 1255 193
1035 1899 72 1723 875 650 566 552 189 1287 596 1552 367 1095 424 1628 567 1288 1024 398 355 485 814 1473 1675 622 675 1430 - 1747 321 654 1746 1188 1635 1153 809 66 1935 1759 1458 1515 1142 1076 1605 1994 1753 390 1168 1685
298 703 95 1942 120 1779 622 194 1183 896 197 1619 951 1008 827 519 1076 327 1952 1943 673 1230 526 1618 1541 663 1650 283 847 - 861 1347 1670 515 529 1405 1923 403 1847 637 1610 1166 724 1451 169 1928 62 468 1304 623
1562 1618 1692 1714 1583 642 857 240 287 669 811 1816 1173 1696 852 696 251 485 953 1278 554 1564 814 306 1137 447 945 1742 656 1726 - 51 801 1216 1886 1983 774 1452 1631 1182 1309 1687 389 1126 982 251 1985 337 581 178
944 765 1902 1160 314 1403 1123 1763 1394 397 345 928 1184 238 69 780 1030 730 1590 1580 1754 659 176 444 1387 1887 906 1635 144 62 1362 - 84 1670 1587 1379 86 1372 772 1446 138 952 950 945 396 687 653 1326 1651 352
1619 367 940 1904 1902 209 619 686 1654 1097 1080 699 954 1720 1564 1194 521 1863 1451 303 723 237 1277 175 1457 751 1436 1979 1873 118 1625 811 - 350 785 770 64 1240 1210 406 1190 78 1232 1414 1509 1859 467 715 1301 1939
1688 1963 109 20 1178 176 1004 712 280 921 1320 243 1521 1919 1475 620 217 698 205 1701 1117 1637 960 649 1392 1720 164 541 1020 1010 1195 1422 1545 - 352 884 589 1831 535 1251 1723 1699 417 811 1775 1256 1090 508 318 395
688 262 966 102 189 689 292 173 1006 1177 891 523 303 41 1533 848 908 1031 623 972 992 391 490 1531 1770 369 1881 1577 254 1257 986 1656 1828 63 - 1582 1263 541 1522 330 1371 1106 264 918 1971 50 947 64 1572 753
1006 1278 1938 663 1058 1548 98 144 1785 514 107 669 366 1399 1211 1700 253 458 15 538 130 1342 1039 1905 838 288 1446 137 1458 1852 732 1463 421 826 1170 - 754 1799 775 1727 1792 1905 1688 657 238 1834 1657 1456 1087 1541
65 1535 1365 810 285 723 226 1739 798 1860 255 259 1895 877 1903 422 836 349 1588 1187 440 537 1653 1939 1077 1955 358 187 171 1774 52 696 547 13 293 582 - 1853 521 1698 1468 23 82 1706 1419 359 1931 872 1818 1515
740 299 1667 560 1518 1909 610 1748 360 185 50 1301 1830 794 1977 840 306 443 73 1301 1183 719 450 1427 1453 1480 1515 1673 1264 553 1814 558 755 1114 673 1259 1399 - 306 1465 433 672 17 1132 58 1281 1294 877 947 1496
392 852 1250 1926 690 1718 50 1511 998 241 1754 776 838 554 332 1771 1879 301 238 1289 803 695 992 361 367 637 614 567 356 612 332 354 903 1282 1244 879 183 22 - 621 1336 1878 1669 1433 1197 1213 718 1205 264 1054
646 947 445 1809 492 146 1815 1169 1659 1090 1581 1773 1846 951 77 1886 190 1151 75 1172 1625 1195 1209 657 1360 650 576 471 678 251 25 31 332 1157 1014 1973 1395 1449 737 - 1147 746 1554 1681 748 1520 1662 817 71 1127
1887 171 610 1371 1629 242 1641 66 318 1913 1867 1016 48 1652 649 475 346 1168 409 1669 757 1447 1540 628 438 57 474 1389 937 1695 1114 1912 509 1174 1092 699 1967 1156 143 639 - 296 855 1273 1195 551 1787 990 247 838
733 1031 367 1804 722 263 1017 1629 660 627 953 1485 131 187 219 305 436 492 1429 1388 1957 634 1497 1789 1058 1138 889 292 66 1201 391 1873 117 1464 832 1319 244 1725 737 881 1245 - 437 183 900 93 752 1623 1078 1592
811 1143 1362 509 1272 1666 1303 1158 309 1402 1302 1247 1228 494 168 1119 790 593 1458 112 511 1727 51 1265 1379 1932 1769 1317 423 1779 25 183 1030 1809 1833 828 403 1541 1774 1863 1485 1124 - 881 900 679 72 225 1376 1878
325 1010 259 161 1593 301 239 814 274 650 876 1884 433 211 41 999 160 1560 833 763 777 1561 1007 1335 1895 1618 65 691 394 1926 759 1716 1484 955 1706 1294 882 272 355 1362 1063 989 1020 - 559 1772 1178 468 1987 576
165 234 1452 211 632 45 389 601 1413 1220 459 1106 452 1147 1689 231 730 1084 555 1108 706 1918 1196 1246 1937 1929 1527 580 1311 1093 985 692 942 950 1246 328 1583 602 36 1989 1081 1057 1330 1209 - 238 1242 98 600 1563
1920 1682 1408 92 1043 282 188 122 929 169 199 1971 1635 1921 1376 1405 575 1166 1119 458 421 1 1398 1536 960 245 1434 1511 559 891 1692 601 1919 1651 1526 128 421 357 779 1230 1930 1387 1689 386 1375 - 577 822 880 437
566 465 1614 607 887 452 1951 1119 1708 356 1046 1345 1011 515 494 1618 1222 1837 643 985 295 1020 1622 125 837 423 683 587 1420 1015 114 1490 1796 138 1038 1822 106 129 1692 1341 1334 893 318 1215 1991 1450 - 505 562 776
1405 948 1296 35 1725 1545 331 1855 1194 1350 59 622 265 213 940 164 1284 837 1564 624 1089 1244 479 1056 128 1423 1840 232 1018 369 244 1514 1652 558 301 1654 626 1234 1754 28 879 667 1500 185 1292 1444 852 - 740 1184
967 1951 52 1443 978 894 1583 1702 443 1268 1087 896 355 427 1726 336 1541 1850 1096 333 649 1217 939 1942 1621 1118 1188 1397 829 1706 587 375 325 807 24 837 793 660 1644 8 845 172 629 1248 1332 19 79 476 - 1053
1481 225 1827 1170 993 576 1424 141 661 780 1847 258 554 1258 731 1692 18 248 5 188 97 867 430 1297 143 1264 560 1309 1734 1127 1463 236 1043 726 1588 22 686 1966 872 1879 106 1032 1548 940 2000 435 862 802 249 -
